00100011
10100000
01011110
00000000
00100011
10100010
01011110
00000000
00100011
10100100
01011110
00000000
10000011
10100010
00001110
00000000
00000011
10100011
01001110
00000000
10000011
10100110
11001110
00000001
10000011
10000010
00111110
00000000
10100011
10000000
01011110
00000000
10000011
11000010
00001110
00000000
00100011
10000001
01011110
00000000
10000011
10010010
00101110
00000000
00100011
10010010
01011110
00000000
10000011
11010010
00001110
00000000
00100011
10010011
01011110
00000000
00000000
00000000
00000000
00000000
